

# DLA FCFS/SJF

# 25 procesów

number_of_processes = 25

arrival_time = [0, 27, 19, 56, 24, 61, 28, 4, 70, 10, 59, 69, 74, 21, 39, 58, 60, 62, 22, 9, 6, 46, 41, 33, 34]

burst_time [13, 18, 7, 6, 13, 4, 12, 12, 7, 7, 14, 12, 8, 9, 5, 11, 10, 13, 12, 6, 1, 12, 3, 7, 7]

# 50 procesów

number_of_processes = 50

arrival_ time = [0, 149, 36, 58, 62, 65, 34, 108, 98, 16, 109, 79, 137, 124, 125, 53, 13, 21, 19, 71, 5, 27, 132, 91, 120, 80, 126, 142, 143, 18, 33, 69, 133, 134, 138, 66, 47, 29, 113, 92, 115, 121, 74, 39, 54, 100, 130, 110, 140, 15]

burst_time = [10, 11, 13, 8, 13, 9, 7, 10, 2, 7, 18, 13, 14, 17, 16, 13, 9, 11, 12, 16, 14, 9, 20, 11, 9, 15, 15, 9, 17, 9, 8, 15, 14, 6, 7, 13, 16, 8, 16, 13, 14, 11, 9, 9, 10, 5, 17, 8, 9, 19]

# 75 procesów

number_of_processes = 75

arrival_time = [0, 144, 38, 71, 54, 167, 85, 186, 34, 212, 114, 92, 168, 203, 8, 193, 33, 36, 141, 151, 164, 119, 204, 121, 103, 51, 84, 122, 176, 173, 224, 21, 208, 129, 52, 123, 95, 211, 190, 28, 110, 205, 165, 146, 201, 133, 118, 76, 207, 138, 72, 112, 59, 22, 31, 62, 49, 53, 124, 223, 217, 80, 104, 63, 194, 154, 213, 152, 39, 35, 120, 209, 184, 113, 42]
burst_time = [9, 10, 12, 9, 15, 13, 11, 2, 19, 4, 12, 21, 9, 12, 8, 2, 14, 12, 10, 15, 13, 13, 13, 8, 15, 7, 10, 19, 5, 18, 7, 7, 7, 10, 2, 11, 6, 9, 10, 8, 10, 6, 8, 9, 13, 10, 9, 12, 11, 5, 15, 9, 6, 11, 4, 13, 13, 8, 10, 10, 10, 9, 9, 11, 22, 8, 9, 8, 13, 6, 8, 7, 16, 14, 14]





# DLA FIFO/LRU


capacity = 3
len_of_string = 100
page = [0, 3, 6, 9, 9, 9, 1, 5, 0, 0, 3, 2, 0, 6, 4, 3, 9, 1, 7, 5, 5, 4, 8, 9, 4, 4, 5, 8, 8, 9, 3, 1, 9, 2, 6, 5, 8, 8, 1, 9, 2, 6, 2, 5, 6, 3, 4, 0, 3, 8, 7, 5, 9, 8, 6, 6, 3, 3, 9, 9, 2, 3, 7, 0, 9, 6, 9, 3, 4, 5, 6, 7, 7, 7, 5, 6, 6, 0, 4, 9, 0, 4, 0, 5, 0, 9, 7, 6, 2, 6, 2, 9, 3, 6, 6, 7, 5, 8, 4, 8]
